# Time, Longitude, Latitude, Altitude, Phase Angle, Solar Incidence Angle, Emission Angle
2022-01-17T16:00:00.0000 105.0275336589751 -34.89684307762936 3389.608249300627 70.10979141917987 70.25230232264701 0.3180644225546146
2022-01-17T16:05:00.0000 102.84436671030933 -18.753826416192158 3394.1072841331115 62.79935415550123 62.87255131203839 0.2069088465504305
2022-01-17T16:10:00.0000 100.83699496843074 -2.674203300469377 3396.1460984172145 57.4799487829148 57.486556808887315 0.03171397412487448
2022-01-17T16:15:00.0000 98.85371679580808 13.333401551128516 3395.117894636745 54.841004577956284 54.83779835714032 0.152605402351567
2022-01-17T16:20:00.0000 96.762458959067 29.266727764936903 3391.380118476646 55.286644227912376 55.33885295245721 0.2893859438314337
2022-01-17T16:25:00.0000 94.34398734983384 45.12733338212296 3386.1063234800426 58.70051387711429 58.823310657333955 0.3382197381065429
2022-01-17T16:30:00.0000 90.97761311699556 60.9123081064298 3380.892562675163 64.51929305324066 64.66690675160125 0.28649336803966524
2022-01-17T16:35:00.0000 83.23869165573991 76.55637324515104 3377.2714669005363 72.02737759376508 72.13056070459278 0.15216103134242487
2022-01-17T16:40:00.0000 319.4112080945014 86.24456794415805 3376.285003715107 80.57402205035869 80.58303006224573 0.04395496376110538
2022-01-17T16:45:00.0000 280.270169623559 71.41483575182905 3378.21446398336 89.62214487642025 89.53029627216495 0.20339990993950133
2022-01-17T16:50:00.0000 274.95068865800124 55.69945246457392 3382.509941182128 98.70411052338132 98.5487804422772 0.3142388528741269
2022-01-17T16:55:00.0000 272.02546676064117 39.88183423244462 3387.9283063668368 107.3499159935939 107.19439232306073 0.333198019375205
2022-01-17T17:00:00.0000 269.7495823108263 23.988477532591823 3392.8614450276978 115.01249188273438 114.91415224576524 0.2522624788255803
2022-01-17T17:05:00.0000 267.7067489848306 8.019663734012877 3395.7975230464754 121.0202377097733 120.99560393532998 0.09398674416731462
2022-01-17T17:10:00.0000 265.7221857513542 -8.024367206647877 3395.797065636068 124.62237021049047 124.6304893196338 0.09404039250270374
2022-01-17T17:15:00.0000 263.6664099060351 -24.138156658370146 3392.8223294943996 125.21096468116559 125.18145204526644 0.2534408798522598
2022-01-17T17:20:00.0000 261.3543920815558 -40.309577198621824 3387.7810345025705 122.64094966079084 122.53695967319075 0.3340301847668506
2022-01-17T17:25:00.0000 258.31935576724004 -56.51559032164806 3382.247228488144 117.32382524260728 117.17602612233739 0.3105555050444121
2022-01-17T17:30:00.0000 252.42689295735858 -72.68999791238649 3377.9555079802526 109.97994045874465 109.85941994272132 0.19123258789383943
2022-01-17T17:35:00.0000 186.20731465843247 -87.15217413541278 3376.2489105256523 101.34736300842508 101.31554687067054 0.033371924065903905
2022-01-17T17:40:00.0000 88.56716327504273 -74.25363434666454 3377.660173261431 92.06273622033812 92.13754617533182 0.17580564902116186
2022-01-17T17:45:00.0000 81.99696003382594 -58.095006723815914 3381.748156397517 82.6765551295046 82.82577352068755 0.30271946134090844
2022-01-17T17:50:00.0000 78.83588749896369 -41.89195283477327 3387.2334872099586 73.71804500671385 73.8770627302025 0.33645845487390086
2022-01-17T17:55:00.0000 76.48257355756226 -25.722552001805187 3392.3973796795476 65.76548484788765 65.87176665118778 0.26547919496061895
2022-01-17T18:00:00.0000 74.41134822901441 -9.611210154645322 3395.6279355997754 59.49104207921058 59.5220499381669 0.11198356191178471
2022-01-17T18:05:00.0000 72.42333083816071 6.429792188796591 3395.9371071021556 55.6166443052429 55.60866990880415 0.07571432831906824
2022-01-17T18:10:00.0000 70.38762775046604 22.395392786899045 3393.2662501826194 54.708034588884836 54.73063007426022 0.23929511413639307
2022-01-17T18:15:00.0000 68.1384588487509 38.285787327143424 3388.4742294167463 56.88602574593685 56.981063570831715 0.32943678915747954
2022-01-17T18:20:00.0000 65.29997930133914 54.1018307330577 3383.032732694692 61.74939664611778 61.8947618376238 0.3207130767771553
2022-01-17T18:25:00.0000 60.40161842438596 69.82325542179717 3378.5596843812787 68.61186038064942 68.74256892196395 0.21802634399972526
2022-01-17T18:30:00.0000 33.75624617792133 84.97787004840976 3376.3518505537586 76.78003884196744 76.83365799099 0.058650391798777554
2022-01-17T18:35:00.0000 258.54527304561094 78.12348106504395 3377.039527605716 85.6699666274072 85.6197893353707 0.13550736116772544
2022-01-17T18:40:00.0000 249.47746570687903 62.517079091181635 3380.4276375497743 94.79217012589767 94.65768801526224 0.276013383048529
2022-01-17T18:45:00.0000 245.9049524405619 46.74019764127265 3385.5441567157936 103.68706256712487 103.52357624631118 0.33748719888808426
2022-01-17T18:50:00.0000 243.41854481556504 30.88132523550296 3390.8894587743225 111.8487095798636 111.72058655250216 0.2988160921316352
2022-01-17T18:55:00.0000 241.29872646886673 14.945494592014096 3394.8493789708746 118.66069511928747 118.60590622200652 0.16942696759822967
2022-01-17T19:00:00.0000 239.30442362894183 -1.0681988032594638 3396.1829908129093 123.39003723599996 123.39215710160714 0.01268376157835849
2022-01-17T19:05:00.0000 237.3001791824057 -17.15713488563685 3394.436328709141 125.32605059990922 125.32072568553833 0.19160786469557048
2022-01-17T19:10:00.0000 235.13991484132737 -33.31174866183316 3390.1233716695197 124.0912653356985 124.01967456387378 0.3111984675893
2022-01-17T19:15:00.0000 232.53158737405133 -49.515241416857506 3384.5830561539246 119.8732069591339 119.736982660461 0.3337304320016298
2022-01-17T19:20:00.0000 228.4784121021075 -65.72957172843417 3379.55267861262 113.30205542730725 113.1608929656297 0.25249493165081555
2022-01-17T19:25:00.0000 214.334536623385 -81.72952314241182 3376.6100581898986 105.13522469624218 105.06033338624364 0.09575399924744474
2022-01-17T19:30:00.0000 69.55238620732472 -81.08831806034422 3376.6755868269734 96.05793906712468 96.08835081582025 0.10294974603732175
2022-01-17T19:35:00.0000 56.6552533892993 -65.06341384210525 3379.7276147519274 86.65241768698665 86.77653014853813 0.25763986836702446
2022-01-17T19:40:00.0000 52.71233985655019 -48.856905669867295 3384.8099934679753 77.44880811823535 77.61240711802203 0.33490595467068196
2022-01-17T19:45:00.0000 50.134996474757735 -32.66797993054489 3390.3292593529923 68.99681504217335 69.1316361131287 0.3081348190323403
2022-01-17T19:50:00.0000 47.98828029797439 -16.532307741967085 3394.558140887174 61.92608384540802 61.98841166051634 0.18545310674184454
2022-01-17T19:55:00.0000 45.99252669780072 -0.46594920368385734 3396.1886662253487 56.9504614648708 56.951479271147086 0.005533724146348086
2022-01-17T20:00:00.0000 44.00487465573304 15.523629692814978 3394.7463173713204 54.73515494506588 54.73642228316966 0.1753296458864203
2022-01-17T20:05:00.0000 41.88944529522159 31.43528487100658 3390.7176111467966 55.61700489792921 55.67961584571015 0.30183245646205464
2022-01-17T20:10:00.0000 39.40277482685473 47.27136567854162 3385.35941196819 59.402630030726094 59.532524246032395 0.33701186702005054
2022-01-17T20:15:00.0000 35.80620032428564 63.028231920749434 3380.2832815617217 65.48980990208712 65.63534862192822 0.272493654046933
2022-01-17T20:20:00.0000 26.407428013789964 78.61297238912239 3376.972623714629 73.16623801591494 73.25878591627564 0.13022143636985045
2022-01-17T20:25:00.0000 248.37340489141786 84.59297569299797 3376.375948135286 81.79946587106713 81.7943248540811 0.06309466728254014
2022-01-17T20:30:00.0000 224.60026002030804 69.36486673095469 3378.6635096371547 90.867418586037 90.76418497522458 0.22211770004644557
2022-01-17T20:35:00.0000 219.88200098398102 53.64375193939508 3383.18453326908 99.9077563410469 99.74855499777425 0.32238732723706187
2022-01-17T20:40:00.0000 217.10087914600956 37.827287114847735 3388.6298460938965 108.44384838988749 108.29311385301173 0.32816596101509504
2022-01-17T20:45:00.0000 214.88320364571265 21.93301461930625 3393.3796896844283 115.91317319054899 115.82472423731825 0.23538935480786757
2022-01-17T20:50:00.0000 212.87164446363565 5.960623102242654 3395.9725349699524 121.62684500912685 121.6098909339825 0.07027424736187525
2022-01-17T20:55:00.0000 210.90547597901485 -10.088450156090614 3395.571339234402 124.83753667177376 124.84463732974305 0.11731413493161859
2022-01-17T21:00:00.0000 208.85655099136713 -26.207920511555958 3392.2633371732563 124.98534245226044 124.94696911868147 0.2690044405185839
2022-01-17T21:05:00.0000 206.52792603340882 -42.38454946694031 3387.0623360167997 122.00635351734688 121.89402460142725 0.33700474943089637
2022-01-17T21:10:00.0000 203.3919437500218 -58.593005444268265 3381.5935397243193 116.37343455760515 116.22556830707289 0.30005822811794075
2022-01-17T21:15:00.0000 196.7662202493554 -74.75443259704527 3377.5708864521475 108.8223126626236 108.71128146084165 0.17075346980492362
2022-01-17T21:20:00.0000 89.39442159684184 -87.06544608261774 3376.251932367449 100.07937807267415 100.06212886687544 0.034384793825591696
2022-01-17T21:25:00.0000 32.34920345577251 -72.2306606772313 3378.0469439693425 90.76623335099028 90.85391091656108 0.19565977055470946
2022-01-17T21:30:00.0000 26.789182930747835 -56.057843980677745 3382.3941924394417 81.42535929733998 81.58014329867024 0.31265240283736645
2022-01-17T21:35:00.0000 23.851938382699846 -39.865726241546284 3387.9338451788076 72.58729760751291 72.74278395932366 0.3331652247575879
2022-01-17T21:40:00.0000 21.59025442914256 -23.714163787688204 3392.9326570257927 64.83970524646435 64.93662123813765 0.2500847843671622
2022-01-17T21:45:00.0000 19.568331165023892 -7.624088755805855 3395.8350573724256 58.86399111178618 58.88702243475013 0.08946569517714995
2022-01-17T21:50:00.0000 17.610673533882494 8.394271986146903 3395.760276355776 55.372973216866555 55.365010373027964 0.09825137352174677
2022-01-17T21:55:00.0000 15.592641417240444 24.337475834385085 3392.7699602867015 54.88474827193294 54.915135324627954 0.25499921641189316
2022-01-17T22:00:00.0000 13.34356425760996 40.206854234744675 3387.816434682322 57.446282815196525 57.549520913111074 0.33383714654157765
2022-01-17T22:05:00.0000 10.452082938521876 56.00396073133398 3382.4115571618922 62.603191693804284 62.74985447785889 0.312894032226338
2022-01-17T22:10:00.0000 5.171026354893853 71.7046345890319 3378.154212833696 69.65925406945978 69.78252029632895 0.20066874737977952
2022-01-17T22:15:00.0000 323.73363864775786 86.48732376574611 3376.2743823869114 77.93593040003064 77.97662384584955 0.04112815198165062
2022-01-17T22:20:00.0000 201.52181258923545 76.32308427719026 3377.308279390705 86.86582367855996 86.8028422446978 0.15460305693635526
2022-01-17T22:25:00.0000 194.14093542776 60.67421245384709 3380.962996772899 95.96815507934937 95.82624195976373 0.2879731766451626
2022-01-17T22:30:00.0000 190.865875711939 44.89121812882781 3386.188699773928 104.78130273525406 104.61847329362952 0.33823709677604913
2022-01-17T22:35:00.0000 188.49309896498727 29.032047745508123 3391.4501038059407 112.7888549276172 112.66813589782743 0.2879373471933519
2022-01-17T22:40:00.0000 186.4326893503421 13.099055370331772 3395.154579693483 119.36035624873695 119.3142069154576 0.15011793225934983
2022-01-17T22:45:00.0000 184.47454784268845 -2.9085477229207988 3396.1380740460086 123.75839823703386 123.76341960395689 0.034483784478075805
2022-01-17T22:50:00.0000 182.49106620023315 -18.98750521688005 3394.057030471513 125.30215782456997 125.29138522820986 0.20909462598868203
2022-01-17T22:55:00.0000 180.33436268644462 -35.12851351292594 3389.5320552834373 123.68185218342481 123.60168237551575 0.31898633353843875
2022-01-17T23:00:00.0000 177.69054637921258 -51.31388826013402 3383.9678370188803 119.1522320377295 119.01230711433816 0.32962521464615857
2022-01-17T23:05:00.0000 173.41355266951547 -67.50303889915541 3379.104672931434 112.37108021699045 112.23471256882905 0.23814793442576027
2022-01-17T23:10:00.0000 155.30570851322105 -83.39351629776743 3376.4622946975846 104.08831877684887 104.0245382906943 0.07686916688306514
2022-01-17T23:15:00.0000 11.513798617934414 -79.45455838452679 3376.8638528234865 94.97116895871022 95.01365857651008 0.12104673478983867
2022-01-17T23:20:00.0000 1.32661800472646 -63.38537561793121 3380.1835334687376 85.58827053645854 85.72005597952243 0.26998339885898587
2022-01-17T23:25:00.0000 357.70837082437566 -47.195708551413766 3385.38570917872 76.46508424841889 76.62899912518664 0.33708664128278626
2022-01-17T23:30:00.0000 355.24077694972453 -31.02646674756623 3390.844599951315 68.15541469926207 68.28410194790028 0.2996173394086314
2022-01-17T23:35:00.0000 353.1485048695746 -14.908184490181203 3394.855908687614 61.29822728543449 61.35273578180232 0.16904360376652758
2022-01-17T23:40:00.0000 351.1852819615958 1.1448706276904157 3396.181948651551 56.61012147589267 56.60787313589405 0.01359368374920416
2022-01-17T23:45:00.0000 349.21778218177457 17.126145772231343 3394.4424635500195 54.73448656071404 54.73983862110905 0.19130476705911104
2022-01-17T23:50:00.0000 347.11025805933633 33.034509793714214 3390.212285040302 55.95582861269693 56.02600185468241 0.30989842141639046
2022-01-17T23:55:00.0000 344.6048449162162 48.87186813740733 3384.804826881649 60.0260264550262 60.16006179689926 0.3348811945057141
2022-01-18T00:00:00.0000 340.8745126911661 64.63241907262616 3379.8426617175073 66.31840527714299 66.46079734650398 0.26089536827769333
